CrossPoint (0) : ,1,3,7,10,113,114
CrossPoint (1) : ,0,2,4,5,7,8,42,110
CrossPoint (2) : ,1,3,4,5,8,32,40,42,114
CrossPoint (3) : ,0,2,4,7,42,113,114,115
CrossPoint (4) : ,1,2,3,5,25,29,32
CrossPoint (5) : ,1,2,4,25,27,29,32,40,42
CrossPoint (6) : ,9,37,38,40,41,110
CrossPoint (7) : ,0,3,10,107,110
CrossPoint (8) : ,0,1,2,4,9,27,37,40,41,110
CrossPoint (9) : ,6,8,37,38,40,41,109
CrossPoint (10) : ,0,1,7,11,13,101,107,109
CrossPoint (12) : ,14,17,104
CrossPoint (13) : ,10,104
CrossPoint (14) : ,12,15
CrossPoint (15) : ,14,16,111
CrossPoint (38) : ,6,9,37,41
CrossPoint (40) : ,4,5,6,8,9,27,29,41,42,110
CrossPoint (41) : ,6,8,9,37,38,42,110
CrossPoint (42) : ,1,2,3,5,27,29,32,40,41,4
CrossPoint (104) : ,12,13
CrossPoint (109) : ,9,10
CrossPoint (110) : ,0,6,7,8,10,40,41
CrossPoint (111) : ,15,16,112
CrossPoint (113) : ,0,3,16,114
CrossPoint (114) : ,0,2,3,16,113,115
CrossPoint (112) : ,111,115,116,117,118,119,120,121
CrossPoint (115) : ,3,112,114,116,117,118,119,120,121
CrossPoint (116) : ,112,115,117,118,119,120,121,125
CrossPoint (117) : ,112,115,116,118,119,120,121,125
CrossPoint (118) : ,112,115,116,117,119,120,121,125,126
CrossPoint (119) : ,112,115,116,117,118,120,121,123,126
CrossPoint (120) : ,112,115,116,117,118,119,121,122,123
CrossPoint (121) : ,112,115,116,117,118,119,120,123
