CrossPoint (11) : ,10,22,36,84,98,101,102,105,107
CrossPoint (16) : ,15,111,113,114
CrossPoint (17) : ,12,18,89
CrossPoint (18) : ,17,19
CrossPoint (19) : ,18,20,22,85,88,89,92,103,106
CrossPoint (20) : ,19,21,22,32,103
CrossPoint (21) : ,20,22,23,35,84,88,92,102,103,106
CrossPoint (22) : ,11,19,20,21,23,33,35,84,85,87,88,89,92,102,103,106
CrossPoint (23) : ,21,22,24,35,83,84,102,103
CrossPoint (24) : ,23,25,26,34,35
CrossPoint (25) : ,24,26,27
CrossPoint (26) : ,24,25,27,39
CrossPoint (27) : ,25,26,28
CrossPoint (28) : ,27,29
CrossPoint (29) : ,28,30
CrossPoint (30) : ,29,31
CrossPoint (31) : ,30,32
CrossPoint (32) : ,20,31,103
CrossPoint (33) : ,22,34,49,84,88,102,106
CrossPoint (34) : ,24,33,43,49,50,102,105
CrossPoint (35) : ,21,22,23,24,84,102
CrossPoint (36) : ,11,50,87,100,101,102,105
CrossPoint (37) : ,38,39
CrossPoint (39) : ,26,37
CrossPoint (84) : ,11,21,22,23,33,35,83,85,88,89,92,102,103,106
CrossPoint (101) : ,10,11,36,86,87,90,91,99,100,102,107
CrossPoint (102) : ,11,21,22,23,33,34,35,36,84,85,88,89,92,101,103,106
CrossPoint (103) : ,19,20,21,22,23,32,84,85,88,89,92,102,106
CrossPoint (105) : ,11,34,36,43,49,50
