CrossPoint (85) : ,19,22,84,88,89,92,102,103,106
CrossPoint (86) : ,87,90,91,92,93,100,101
CrossPoint (87) : ,22,36,86,90,91,100,101,106
CrossPoint (88) : ,19,21,22,33,84,85,89,92,97,100,102,103,106
CrossPoint (89) : ,17,19,22,84,85,88,90,92,102,103,106
CrossPoint (90) : ,86,87,89,91,100,101,108
CrossPoint (91) : ,86,87,90,100,101,108,95
CrossPoint (92) : ,19,21,22,84,85,86,88,89,102,103,106
CrossPoint (93) : ,108
CrossPoint (94) : ,96
CrossPoint (95) : ,91,96,97,108
CrossPoint (96) : ,94,95,97,99
CrossPoint (97) : ,88,95,96,98,100
CrossPoint (98) : ,11,97,99,100,108
CrossPoint (99) : ,36,96,98,101,108
CrossPoint (100) : ,36,86,87,88,90,91,97,98,101
CrossPoint (106) : ,19,21,22,33,84,85,87,88,89,92,102,103
CrossPoint (107) : ,7,10,11,101
CrossPoint (108) : ,90,91,93,95,98,99,85
